# Created by Octave 4.2.1, Thu Sep 14 23:40:46 2017 -03 <Rithie7@Machine.local>
# name: back_to_original_img
# type: int16 matrix
# ndims: 3
 38 38 3
 104
 143
 105
 112
 109
 119
 133
 134
 123
 118
 118
 125
 133
 133
 129
 127
 134
 139
 129
 125
 138
 126
 79
 42
 23
 27
 32
 35
 34
 33
 35
 37
 39
 33
 33
 41
 46
 46
 155
 144
 102
 109
 107
 115
 125
 126
 119
 114
 115
 122
 130
 132
 130
 130
 121
 121
 125
 144
 148
 105
 45
 19
 22
 26
 29
 33
 32
 32
 33
 35
 41
 36
 35
 38
 38
 34
 140
 154
 101
 107
 107
 111
 117
 116
 115
 110
 112
 119
 127
 130
 132
 135
 119
 113
 126
 159
 154
 85
 25
 19
 22
 25
 27
 31
 30
 30
 32
 33
 38
 36
 36
 36
 31
 25
 154
 118
 104
 109
 111
 112
 113
 114
 113
 110
 113
 120
 126
 130
 135
 140
 122
 116
 122
 141
 126
 65
 23
 33
 24
 25
 27
 30
 30
 31
 32
 33
 29
 31
 33
 32
 27
 23
 155
 144
 106
 109
 115
 116
 115
 118
 115
 115
 118
 124
 127
 130
 136
 143
 118
 124
 118
 104
 80
 41
 19
 29
 28
 27
 27
 30
 32
 33
 33
 33
 24
 28
 30
 28
 24
 24
 140
 154
 102
 103
 113
 116
 115
 122
 119
 120
 125
 129
 129
 128
 133
 141
 119
 141
 130
 89
 55
 34
 20
 21
 30
 28
 27
 30
 32
 33
 33
 33
 30
 31
 30
 24
 22
 24
 134
 118
 92
 91
 105
 110
 110
 121
 122
 125
 130
 132
 128
 124
 128
 135
 122
 150
 137
 85
 48
 33
 24
 23
 30
 27
 25
 27
 30
 32
 32
 31
 32
 31
 26
 19
 20
 26
 151
 136
 83
 80
 96
 103
 106
 119
 123
 127
 133
 134
 128
 121
 123
 130
 115
 141
 125
 73
 37
 25
 21
 26
 29
 26
 23
 25
 28
 30
 30
 28
 29
 27
 21
 15
 19
 29
 136
 118
 84
 84
 93
 100
 106
 117
 116
 122
 132
 136
 133
 130
 133
 140
 131
 121
 86
 45
 24
 18
 16
 18
 23
 26
 22
 24
 34
 36
 28
 23
 24
 27
 24
 18
 21
 31
 153
 148
 82
 84
 93
 96
 98
 106
 119
 124
 130
 131
 128
 126
 129
 135
 140
 111
 64
 29
 17
 17
 19
 24
 25
 29
 25
 23
 28
 31
 30
 31
 34
 30
 23
 20
 24
 30
 136
 140
 107
 111
 120
 121
 118
 124
 123
 125
 128
 126
 123
 123
 126
 130
 139
 91
 39
 18
 17
 18
 19
 24
 20
 29
 29
 27
 29
 28
 27
 31
 26
 16
 11
 18
 30
 37
 134
 154
 107
 111
 121
 122
 120
 125
 125
 127
 127
 124
 123
 126
 128
 130
 122
 67
 24
 20
 23
 19
 17
 22
 15
 26
 29
 31
 34
 31
 23
 21
 29
 16
 11
 22
 36
 41
 139
 154
 99
 103
 113
 116
 116
 123
 127
 129
 130
 127
 129
 134
 134
 132
 103
 49
 17
 21
 21
 15
 19
 27
 21
 25
 22
 24
 31
 32
 24
 19
 37
 28
 23
 29
 36
 36
 140
 136
 113
 114
 123
 125
 127
 134
 129
 133
 134
 133
 137
 142
 138
 130
 88
 37
 11
 17
 12
 10
 22
 32
 33
 30
 18
 15
 25
 31
 28
 26
 12
 18
 24
 30
 38
 45
 148
 142
 119
 119
 125
 125
 123
 129
 131
 137
 140
 139
 143
 147
 137
 124
 68
 24
 8
 17
 11
 12
 22
 24
 31
 33
 26
 23
 28
 31
 29
 29
 15
 38
 57
 62
 71
 86
 150
 192
 131
 130
 133
 130
 125
 129
 133
 139
 143
 143
 146
 148
 135
 118
 50
 13
 8
 23
 19
 17
 18
 8
 21
 33
 37
 38
 39
 35
 27
 25
 72
 103
 124
 120
 120
 133
 201
 198
 134
 126
 133
 136
 129
 122
 132
 138
 127
 140
 135
 129
 130
 74
 21
 17
 24
 12
 14
 28
 25
 29
 28
 31
 60
 73
 57
 58
 80
 88
 119
 112
 107
 102
 99
 109
 154
 146
 120
 114
 119
 123
 127
 130
 134
 137
 130
 135
 126
 134
 133
 58
 16
 17
 28
 17
 15
 28
 29
 40
 53
 38
 31
 43
 82
 130
 143
 123
 72
 60
 53
 52
 55
 64
 155
 146
 116
 115
 116
 117
 127
 138
 138
 139
 134
 131
 124
 138
 124
 40
 18
 18
 29
 21
 21
 29
 24
 31
 27
 108
 158
 132
 93
 71
 57
 47
 48
 31
 21
 21
 26
 35
 205
 146
 117
 123
 122
 119
 121
 127
 139
 142
 132
 128
 134
 130
 91
 33
 27
 19
 27
 21
 23
 29
 19
 21
 74
 121
 127
 94
 82
 74
 52
 38
 64
 52
 46
 43
 38
 40
 136
 140
 117
 129
 129
 124
 118
 113
 130
 137
 126
 123
 137
 106
 44
 28
 27
 21
 28
 18
 15
 31
 38
 59
 93
 107
 91
 73
 79
 80
 73
 79
 101
 105
 115
 112
 91
 76
 205
 147
 125
 135
 133
 134
 136
 126
 121
 129
 129
 119
 117
 72
 12
 23
 21
 20
 31
 19
 17
 40
 71
 113
 92
 82
 63
 52
 61
 71
 87
 109
 127
 141
 166
 173
 148
 121
 186
 140
 131
 127
 113
 125
 144
 140
 123
 124
 146
 122
 83
 48
 12
 21
 29
 20
 29
 30
 41
 64
 82
 110
 80
 70
 64
 55
 43
 45
 57
 62
 46
 55
 80
 98
 90
 74
 192
 154
 124
 103
 78
 99
 132
 136
 131
 124
 164
 130
 59
 41
 27
 24
 43
 19
 22
 39
 70
 89
 72
 66
 67
 55
 59
 60
 50
 55
 49
 19
 18
 14
 30
 56
 68
 71
 154
 136
 96
 100
 102
 113
 124
 116
 133
 139
 103
 57
 47
 39
 21
 12
 26
 41
 64
 84
 87
 73
 54
 44
 67
 58
 43
 60
 87
 63
 29
 35
 19
 16
 9
 52
 44
 53
 138
 137
 109
 122
 124
 130
 134
 125
 148
 128
 65
 12
 13
 21
 18
 20
 57
 51
 79
 111
 85
 29
 28
 69
 58
 41
 39
 73
 95
 59
 17
 14
 26
 26
 18
 60
 53
 62
 150
 140
 136
 141
 134
 130
 123
 113
 141
 136
 94
 52
 37
 28
 21
 32
 31
 70
 128
 139
 71
 11
 34
 95
 40
 28
 48
 89
 88
 45
 11
 8
 43
 46
 33
 63
 48
 50
 149
 154
 132
 136
 135
 133
 134
 134
 153
 126
 62
 16
 14
 17
 18
 30
 76
 103
 105
 60
 28
 46
 68
 59
 30
 31
 61
 82
 61
 31
 21
 19
 35
 49
 39
 63
 45
 48
 139
 140
 125
 129
 131
 129
 130
 134
 127
 125
 80
 25
 4
 8
 36
 76
 156
 169
 154
 97
 61
 80
 82
 44
 42
 43
 52
 49
 29
 23
 29
 24
 66
 87
 69
 75
 46
 43
 144
 153
 128
 131
 134
 126
 119
 122
 140
 155
 137
 115
 120
 126
 121
 126
 145
 158
 186
 172
 103
 55
 46
 43
 57
 45
 26
 14
 14
 24
 28
 24
 68
 92
 69
 72
 50
 56
 139
 143
 121
 128
 141
 144
 141
 150
 142
 177
 175
 153
 161
 176
 180
 188
 182
 161
 164
 162
 125
 99
 83
 59
 44
 30
 9
 10
 25
 23
 24
 45
 106
 122
 84
 79
 63
 72
 188
 188
 130
 127
 138
 143
 144
 156
 130
 158
 150
 132
 156
 184
 183
 176
 172
 180
 181
 144
 113
 126
 106
 40
 18
 15
 8
 26
 40
 18
 24
 77
 135
 145
 99
 95
 90
 107
 156
 195
 138
 130
 134
 143
 153
 164
 144
 153
 146
 149
 158
 174
 187
 165
 185
 156
 115
 83
 143
 141
 38
 35
 17
 13
 32
 43
 28
 39
 98
 150
 185
 138
 103
 83
 122
 129
 122
 195
 136
 130
 134
 138
 143
 151
 123
 148
 165
 184
 185
 177
 173
 145
 116
 117
 159
 171
 180
 132
 25
 7
 18
 15
 22
 25
 37
 84
 149
 187
 196
 159
 131
 113
 148
 146
 158
 188
 150
 147
 150
 151
 150
 156
 147
 158
 162
 172
 166
 157
 171
 165
 140
 133
 192
 195
 134
 73
 17
 18
 20
 19
 21
 35
 80
 149
 190
 191
 170
 147
 134
 125
 167
 164
 164
 195
 145
 145
 148
 148
 146
 152
 155
 158
 159
 173
 162
 148
 161
 160
 162
 162
 201
 173
 88
 34
 12
 19
 33
 37
 48
 80
 134
 179
 178
 149
 147
 134
 127
 118
 162
 160
 164
 188
 143
 144
 150
 152
 154
 161
 172
 167
 156
 168
 161
 148
 161
 160
 155
 175
 176
 118
 60
 39
 28
 27
 13
 53
 123
 183
 202
 166
 105
 63
 101
 107
 113
 116
 172
 177
 207
 150
 148
 151
 160
 161
 165
 175
 167
 169
 169
 186
 182
 163
 161
 145
 169
 192
 147
 62
 30
 42
 43
 33
 34
 93
 168
 207
 178
 109
 65
 68
 104
 123
 138
 141
 192
 186
 106
 102
 114
 121
 116
 126
 140
 139
 128
 123
 121
 128
 136
 136
 132
 129
 137
 142
 131
 127
 139
 124
 77
 39
 18
 22
 27
 27
 27
 26
 28
 30
 23
 17
 17
 25
 30
 30
 102
 100
 111
 118
 114
 122
 132
 131
 124
 119
 118
 125
 133
 135
 133
 132
 124
 124
 127
 146
 149
 103
 43
 16
 17
 21
 24
 25
 25
 25
 26
 28
 27
 22
 21
 24
 24
 20
 100
 101
 110
 116
 114
 118
 124
 121
 120
 115
 115
 122
 130
 133
 135
 137
 122
 116
 128
 161
 155
 83
 23
 16
 17
 20
 22
 23
 23
 23
 25
 26
 24
 22
 22
 22
 17
 11
 104
 106
 113
 118
 118
 119
 120
 119
 118
 115
 116
 123
 129
 133
 138
 142
 125
 118
 124
 143
 127
 63
 21
 30
 19
 20
 22
 22
 23
 24
 25
 26
 16
 18
 20
 19
 14
 10
 110
 113
 115
 118
 122
 123
 122
 123
 120
 120
 121
 127
 130
 133
 139
 145
 120
 126
 120
 105
 81
 39
 16
 26
 23
 22
 22
 22
 25
 26
 26
 26
 14
 18
 20
 18
 14
 14
 112
 115
 111
 112
 120
 123
 122
 127
 124
 125
 128
 132
 132
 131
 136
 143
 121
 143
 132
 90
 56
 32
 17
 18
 25
 23
 22
 22
 25
 26
 26
 26
 21
 22
 21
 15
 13
 15
 107
 109
 101
 100
 112
 117
 117
 126
 127
 130
 133
 135
 131
 127
 131
 137
 124
 152
 138
 86
 49
 30
 21
 20
 25
 22
 20
 19
 23
 25
 25
 24
 25
 24
 19
 12
 13
 19
 101
 103
 92
 89
 103
 110
 113
 124
 128
 132
 136
 137
 131
 124
 126
 132
 116
 142
 126
 74
 37
 22
 18
 23
 24
 21
 18
 17
 21
 23
 23
 21
